cx: 634.3453979492188
cy: 373.3459777832031
fx: 750.059326171875
fy: 749.3235473632812
height: 720
width: 1280
