  k1: 0.077839
  k2: -0.110312
  k3: 0.046594
  k4: 0.000000
  k5: 0.000000
  k6: 0.000000
  p1: -0.000086
  p2: -0.000526
